speed 9600 baud; line = 0;
min = 1; time = 5;
ignbrk -brkint -icrnl -imaxbel
-opost -onlcr
-isig -icanon -iexten -echo -echoe -echok -echoctl -echoke

port opened successfully
f:00049
01023
01023
01023
01023
01023
00000
00000
00000
00000
00000
00000
00000
00000
00000
00000
00000
00000
00000
01023
01023
01023
01023
01023
01023
01023
01023
01023
01023
01023
01023
01023
00000
00000
00000
00000
00000
00000
00000
00000
00000
00000
00000
00000
00000
01023
01023
01023
01023
01023
01023

00000
00000
00000
00000
00001
00000
00000
00000
00000
00000
00000
00000
00000
00000
00000
00000
00000
00001
00000
00000
00000
00000
00000
00000
00000
00000
00000
00000
00000
00000
00001
00000
00000
00000
00000
00000
00000
00000
00000
00000
00000
00000
00000
00001
00000
00000
00000
00000
00000

00000
00000
00000
00000
00000
00000
00000
00000
00000
00000
00000
00000
00000
00000
00000
00000
00000
00000
00000
00000
00000
00000
00000
00000
00000
00000
00000
00000
00000
00000
00000
00000
00000
00000
00000
00000
00000
00000
00000
00000
00000
00000
00000
00000
00000
00000
00000
00000

00000
00045
00000
00045
This is a square wave
saved values : 
f:00049
01023
01023
01023
01023
01023
00000
00000
00000
00000
00000
00000
00000
00000
00000
00000
00000
00000
00000
01023
01023
01023
01023
01023
01023
01023
01023
01023
01023
01023
01023
01023
00000
00000
00000
00000
00000
00000
00000
00000
00000
00000
00000
00000
00000
01023
01023
01023
01023
01023
01023

00000
00000
00000
00000
00001
00000
00000
00000
00000
00000
00000
00000
00000
00000
00000
00000
00000
00001
00000
00000
00000
00000
00000
00000
00000
00000
00000
00000
00000
00000
00001
00000
00000
00000
00000
00000
00000
00000
00000
00000
00000
00000
00000
00001
00000
00000
00000
00000
00000

00000
00000
00000
00000
00000
00000
00000
00000
00000
00000
00000
00000
00000
00000
00000
00000
00000
00000
00000
00000
00000
00000
00000
00000
00000
00000
00000
00000
00000
00000
00000
00000
00000
00000
00000
00000
00000
00000
00000
00000
00000
00000
00000
00000
00000
00000
00000
00000

00000
00045
00000
00045
This is a square wave
1094
